0.0002341474955022483 2.8373449675835796e+41
0.0005991932430071844 2.9289989111647736e+41
0.0011506784613467009 3.023613525890985e+41
0.006277119308932847 3.326193320661494e+41
0.02361445041386731 3.6190430562519516e+41
0.11985881232702372 5.028510797029166e+41
0.8269813528432437 9.496876084509578e+41
1.9064752655876813 1.1133100190615317e+42
6.84967310227418 9.199700779483231e+41
8.010926440187639 5.531725163527375e+41
8.892516427424846 3.2221104089915747e+41
9.61681198413526 2.032066490395837e+41
10.838905322126427 1.0746078283213e+41
11.669584513052708 6.55248823736704e+40
12.563925844917696 4.1792057231752317e+40
14.563484775012563 2.329096592460508e+40
18.17503344311774 8.278825906280346e+39
21.067604672409004 4.826071479433836e+39
24.420530945486746 3.078089546545624e+39
28.78202951389237 2.055021699216416e+39
35.46543399457662 1.3167927991048044e+39
