0.00017571110223402075 5.643038647943704e+40
0.0002874445155055202 5.697117090638045e+40
0.0005540646698129741 5.881149435793979e+40
0.0011582114518467195 6.023064535854958e+40
0.0025342668733628606 6.242383837315909e+40
0.005161123606425648 6.5472823966898775e+40
0.009164840008128382 6.785690169537321e+40
0.014098092588297436 6.986352690688729e+40
0.028113888020379663 7.504407555011083e+40
0.05513651962516733 8.343340656259356e+40
0.11450722094898308 9.858868852845153e+40
0.2191016149493403 1.2111265080884689e+41
0.4322430261202055 1.5438510140493896e+41
0.8770019396585613 1.92592107193594e+41
1.8213528086261583 2.200166700039631e+41
3.7092490435927985 2.312219891037968e+41
6.138479595663841 2.051540216894592e+41
8.010926440187639 1.1053705335446016e+41
8.815484411187008 6.664789806642434e+40
10.06735659274024 2.6655157314160715e+40
10.238498823262917 3.7630667974814834e+40
10.838905322126427 1.625314837311838e+40
13.153972275281898 6.432857081379839e+39
16.637048006089714 4.00384464923725e+39
16.88127512132823 2.458244068920157e+39
17.992135741483214 1.591840766370147e+39
20.500296118443618 1.0898466185987028e+39
